4.

a:
MSD

Digit # 1

101, 000, 100, 011, 110, 001

 *                        *
101, 000, 100, 011, 110, 001

           *    *         
001, 000, 100, 011, 110, 101

001, 000, 011 | 100, 110, 101

Digit # 2

      *    *          *    *
001, 000, 011 | 100, 110, 101

                
001, 000 | 011 | 100, 101, 110

Digit # 3

 *    *
001, 000 | 011 | 100, 101, 110

000, 001 | 011 | 100, 101, 110

000, 001, 011, 100, 101, 110

5.

22, 15, 43, 15, 10, 43, 60, 22

Keys  | 10 | 15 | 22 | 43 | 60
Amount| 1  | 2  | 2  | 2  | 1
Count | 1  | 3  | 5  | 7  | 8

 1 | 2 | 3 | 4 | 5 | 6 | 7 | 8
   |   |   |   |22 |   |   |

Keys  | 10 | 15 | 22 | 43 | 60
Amount| 1  | 2  | 2  | 2  | 1
Count | 1  | 3  | 4  | 7  | 8

 1 | 2 | 3 | 4 | 5 | 6 | 7 | 8
   |   |   |   |22 |   |   |60

Keys  | 10 | 15 | 22 | 43 | 60
Amount| 1  | 2  | 2  | 2  | 1
Count | 1  | 3  | 4  | 7  | 7

 1 | 2 | 3 | 4 | 5 | 6 | 7 | 8
   |   |   |   |22 |   |43 |60

Keys  | 10 | 15 | 22 | 43 | 60
Amount| 1  | 2  | 2  | 2  | 1
Count | 1  | 3  | 4  | 6  | 7

 1 | 2 | 3 | 4 | 5 | 6 | 7 | 8
10 |   |   |   |22 |   |43 |60

Keys  | 10 | 15 | 22 | 43 | 60
Amount| 1  | 2  | 2  | 2  | 1
Count | 0  | 3  | 4  | 6  | 7

 1 | 2 | 3 | 4 | 5 | 6 | 7 | 8
10 |   |15 |   |22 |   |43 |60

Keys  | 10 | 15 | 22 | 43 | 60
Amount| 1  | 2  | 2  | 2  | 1
Count | 0  | 2  | 4  | 6  | 7

 1 | 2 | 3 | 4 | 5 | 6 | 7 | 8
10 |   |15 |   |22 |43 |43 |60

Keys  | 10 | 15 | 22 | 43 | 60
Amount| 1  | 2  | 2  | 2  | 1
Count | 0  | 2  | 4  | 5  | 7

 1 | 2 | 3 | 4 | 5 | 6 | 7 | 8
10 |15 |15 |   |22 |43 |43 |60

Keys  | 10 | 15 | 22 | 43 | 60
Amount| 1  | 2  | 2  | 2  | 1
Count | 0  | 1  | 4  | 5  | 7

 1 | 2 | 3 | 4 | 5 | 6 | 7 | 8
10 |15 |15 |22 |22 |43 |43 |60

Keys  | 10 | 15 | 22 | 43 | 60
Amount| 1  | 2  | 2  | 2  | 1
Count | 0  | 1  | 3  | 5  | 7
